circle 1044 570 0
circle 990 812 300
slider 1131 112 369 96 445 637 820 357 1130 771 1194 557 1570 464 | 600 700 800 | 
circle 978 795 1200
slider 1293 231 1493 891 | 1500 | 
circle 28 134 1900
circle 161 444 2200
slider 159 257 1202 317 389 68 1399 125 419 546 1117 315 491 277 | 2500 2600 2700 2800 2900 | 
circle 1008 801 3300
circle 251 447 3600
circle 539 611 3900
circle 1369 739 4200
slider 1195 359 870 309 | 4500 4600 4700 4800 4900 | 
circle 1 138 5300
circle 700 889 5600
circle 1369 304 5900
circle 933 396 6200
circle 1493 349 6500
circle 1297 796 6800
circle 1388 559 7100
circle 1157 450 7400
circle 268 502 7700
slider 519 738 676 475 564 273 | 8000 8100 8200 8300 8400 8500 8600 | 
circle 1022 372 9000
circle 1370 862 9300
circle 1420 308 9600
circle 1568 898 9900
circle 728 220 10200
circle 78 313 10500
circle 933 773 10800
circle 144 329 11100
circle 771 300 11400
circle 1335 573 11700
circle 1360 898 12000
circle 122 292 12300
circle 183 471 12600
circle 1581 844 12900
circle 601 65 13200
circle 66 775 13500
circle 139 841 13800
circle 1120 676 14100
circle 573 400 14400
circle 546 153 14700
circle 397 772 15000
circle 789 866 15300
circle 1313 830 15600
circle 709 114 15900
slider 303 474 949 751 914 69 60 343 | 16200 16300 16400 16500 16600 16700 16800 | 
circle 154 633 17200
circle 1418 506 17500
circle 370 104 17800
circle 681 601 18100
circle 1115 543 18400
circle 1284 108 18700
circle 1434 517 19000
circle 137 91 19300
slider 1299 206 119 836 1559 761 | 19600 19700 19800 19900 20000 | 
slider 486 658 1514 659 1161 656 1537 516 | 20400 | 
circle 1530 153 20800
circle 493 337 21100
circle 1427 624 21400
circle 212 761 21700
circle 1063 120 22000
slider 1171 324 1092 691 1401 654 565 478 386 415 983 26 359 723 | 22300 22400 22500 | 
circle 765 389 22900
circle 853 334 23200
circle 133 714 23500
circle 257 478 23800
circle 1470 42 24100
circle 1041 418 24400
slider 1406 747 1413 740 1078 574 57 391 1450 2 282 104 | 24700 24800 24900 25000 | 
circle 26 500 25400
slider 508 492 370 698 673 17 187 112 983 688 545 281 | 25700 25800 | 
circle 1238 504 26200
circle 716 178 26500
slider 335 70 353 91 513 127 1205 705 600 588 948 397 419 350 | 26800 26900 | 
slider 115 405 1338 367 812 561 117 866 | 27300 27400 27500 | 
slider 1245 167 1237 382 1426 332 711 390 1396 539 1227 468 365 748 | 27900 28000 28100 28200 28300 28400 28500 28600 | 
circle 1392 537 29000
circle 797 321 29300
circle 535 688 29600
circle 1454 100 29900
circle 166 251 30200
circle 1411 418 30500
circle 495 655 30800
circle 1207 198 31100
circle 1075 446 31400
circle 993 294 31700
circle 1330 492 32000
slider 509 451 839 106 1508 345 451 391 642 427 | 32300 32400 | 
circle 428 212 32800
circle 475 20 33100
circle 82 218 33400
circle 710 716 33700
circle 103 110 34000
circle 985 654 34300
circle 1488 871 34600
slider 660 579 1370 738 | 34900 35000 35100 35200 35300 35400 35500 35600 | 
circle 128 765 36000
circle 108 77 36300
circle 584 97 36600
circle 218 367 36900
circle 928 183 37200
slider 624 583 1120 151 923 830 946 708 839 253 | 37500 37600 37700 37800 37900 38000 38100 | 
circle 222 510 38500
circle 350 427 38800
circle 11 504 39100
circle 147 654 39400
circle 365 121 39700
slider 1331 546 981 754 606 107 1238 702 1062 129 | 40000 | 
circle 1294 102 40400
slider 687 316 1419 191 1147 608 782 82 1129 501 775 479 | 40700 40800 40900 41000 41100 41200 41300 | 
circle 292 184 41700
circle 826 38 42000
circle 1328 44 42300
slider 48 542 196 659 1537 142 811 512 355 424 | 42600 42700 42800 42900 43000 43100 43200 | 
circle 12 603 43600
circle 1141 256 43900
circle 139 31 44200
slider 1439 384 810 306 850 513 25 490 432 628 | 44500 44600 | 
circle 1416 881 45000
circle 627 493 45300
slider 532 309 373 52 1460 499 | 45600 45700 45800 | 
circle 1205 444 46200
circle 1189 711 46500
circle 399 117 46800
circle 41 520 47100
circle 474 248 47400
slider 1493 7 600 512 64 572 881 849 1553 397 648 154 720 414 | 47700 | 
slider 1421 414 1027 667 | 48100 48200 48300 48400 | 
circle 411 53 48800
slider 1086 759 1046 31 276 793 1446 210 275 649 | 49100 49200 49300 49400 | 
slider 437 449 515 672 | 49800 49900 50000 50100 50200 50300 | 
circle 587 25 50700
slider 109 607 178 789 | 51000 51100 51200 51300 | 
slider 911 220 203 477 1122 858 120 380 829 868 116 447 | 51700 51800 51900 52000 | 
circle 448 865 52400
slider 1412 610 1297 109 1307 494 604 256 | 52700 52800 | 
circle 897 619 53200
slider 1254 609 119 295 175 676 1297 891 1339 856 | 53500 53600 53700 53800 53900 54000 | 
circle 630 610 54400
circle 1514 658 54700
circle 523 722 55000
circle 230 316 55300
circle 327 872 55600
slider 547 625 986 635 1130 401 | 55900 56000 | 
slider 227 148 187 713 1532 292 | 56400 56500 56600 | 
circle 60 452 57000
circle 82 882 57300
circle 150 10 57600
circle 823 346 57900
circle 1166 768 58200
circle 1001 16 58500
circle 83 469 58800
circle 940 699 59100
circle 305 778 59400
circle 238 222 59700
circle 1442 796 60000
circle 725 784 60300
slider 575 735 433 289 1258 50 | 60600 60700 60800 60900 61000 61100 | 
circle 621 604 61500
slider 706 691 242 829 770 546 1504 421 | 61800 61900 62000 62100 | 
circle 782 442 62500
circle 1573 284 62800
circle 398 109 63100
circle 526 896 63400
slider 875 676 393 487 408 631 119 816 122 551 594 800 1222 420 | 63700 63800 63900 64000 | 
circle 10 274 64400
circle 854 756 64700
slider 716 683 1559 580 | 65000 65100 | 
circle 246 24 65500
circle 1185 899 65800
circle 1594 630 66100
circle 345 601 66400
slider 691 339 1406 375 1501 15 | 66700 66800 | 
circle 223 558 67200
circle 606 240 67500
circle 117 872 67800
circle 141 279 68100
circle 592 414 68400
circle 1074 494 68700
circle 1227 543 69000
circle 232 413 69300
circle 460 704 69600
circle 361 772 69900
circle 719 210 70200
slider 299 711 884 860 683 316 | 70500 70600 70700 70800 70900 71000 71100 71200 | 
slider 702 529 1275 862 567 429 956 718 | 71600 71700 | 
circle 406 889 72100
circle 954 101 72400
circle 871 862 72700
circle 564 382 73000
slider 186 263 1279 29 144 21 | 73300 73400 73500 73600 73700 73800 | 
circle 44 725 74200
circle 925 1 74500
circle 281 771 74800
slider 682 622 623 296 260 788 460 738 820 635 1160 24 1439 465 | 75100 75200 75300 | 
circle 1319 70 75700
circle 1148 512 76000
circle 1192 256 76300
